{
 "cells": [
  {
   "cell_type": "markdown",
   "metadata": {},
   "source": [
    "# Clustering"
   ]
  },
  {
   "cell_type": "markdown",
   "metadata": {},
   "source": [
    "El *Clustering*, clasificación o agrupamiento es una técnica de aprendizaje automático que consiste en crear grupos de datos que tienen ciertas características comunes. Esta técnica refiere a un algoritmo no supervisado ya que no requiere predecir una variable de salida, esto es que no se requieren datos históricos para el análisis.\n",
    "\n",
    "Los clusters o grupos que se construyan deben tiener las siguientes características:\n",
    "* Identificables y de tamaño considerable\n",
    "* Los puntos de un mismo cluster deben ser compactos y tener intersección mínima con otros clusters\n",
    "* Los puntos de un mismo cluster deben tener propiedades comunes en el contexto estudiado\n",
    "\n",
    "Las aplicaciones del clustering se encuentran en:\n",
    "* Mercadotecnia digital\n",
    "* Taxonomía de seres vivos\n",
    "* Imputación de valores en una base de datos\n",
    "* Planificación urbana"
   ]
  },
  {
   "cell_type": "markdown",
   "metadata": {},
   "source": [
    "Principalmente, el clustering mide las semejanzas o diferencias de las distintas observaciones.\n",
    "\n",
    "Para un ejemplo de clasificación en la valoración de películas por parte de distintos usuarios se tiene:\n",
    "* $n$ es el número de películas\n",
    "* $N$ es el número de usuarios \n",
    "* $x = \\{x_k\\}$ donde $k = 1, 2, ...,i, j, ..., N$ es el conjunto de valoraciones de los usuarios\n",
    "* $x_i = (x_{i1}, x_{i2},...,x_{il}, ...,x_{in})$ denota las valoraciones del usuario $i$ de cada una de las películas."
   ]
  },
  {
   "cell_type": "markdown",
   "metadata": {},
   "source": [
    "Una de las formas más comunes de calcular la distancia entre pues es por medio de:\n",
    "* La **distancia de Manhattan:**\n",
    "$$ D(x_i,x_j) = \\left | x_{i1}-x_{j1} \\right | + \\left | x_{i2}-x_{j2} \\right | + ... + \\left | x_{in}-x_{jn} \\right |  = \\sum_{k=1}^{n}\\left | x_{ik}-x_{jk} \\right | $$\n",
    "* La **distancia Euclídea:**\n",
    "$$ D(x_i,x_j) = \\sqrt{(x_{i1}-x_{j1})^2 + (x_{i2}-x_{j2})^2 + ... + (x_{in}-x_{jn})^2} = \\sqrt{\\sum_{k=1}^{n}( x_{ik}-x_{jk})^2} $$\n",
    "* La **distancia de Minkowski:**\n",
    "$$ D(x_i,x_j) = ((x_{i1}-x_{j1})^p + (x_{i2}-x_{j2})^p + ... + (x_{in}-x_{jn})^p)^{\\frac{1}{p}} = (\\sum_{k=1}^{n}( x_{ik}-x_{jk})^p)^{\\frac{1}{p}}$$ donde $p \\ge 1$\n",
    "\n"
   ]
  },
  {
   "cell_type": "markdown",
   "metadata": {},
   "source": [
    "La distancia de Minkowski reúne las distancias de Manhattan y Euclídea para $p=1$ y $p=2$ respectivamente. La implementación de esta distancia puede hacerse por medio del método `distance_matrix` del paquete `scipy.spatial` de Python."
   ]
  },
  {
   "cell_type": "markdown",
   "metadata": {},
   "source": [
    "Es importante normalizar los valores del conjunto de datos para calcular distancias más certeras:\n",
    "$$ z_{ij} = \\frac{x_{ij}-min(x_{*j})}{max(x_{*j})-min(x_{*j}) } $$"
   ]
  },
  {
   "cell_type": "markdown",
   "metadata": {},
   "source": [
    "## Distancias"
   ]
  },
  {
   "cell_type": "code",
   "execution_count": 337,
   "metadata": {},
   "outputs": [],
   "source": [
    "from scipy.spatial import distance_matrix\n",
    "import pandas as pd"
   ]
  },
  {
   "cell_type": "code",
   "execution_count": 338,
   "metadata": {},
   "outputs": [],
   "source": [
    "mainpath = \"/home/oscar/Documentos/udemy/machine-learning-joanby/python-ml-course-master/datasets\"\n",
    "filename = \"/movies/movies.csv\"\n",
    "fullpath = mainpath + filename\n",
    "\n",
    "data = pd.read_csv(fullpath, sep=';')"
   ]
  },
  {
   "cell_type": "code",
   "execution_count": 339,
   "metadata": {},
   "outputs": [
    {
     "data": {
      "text/html": [
       "<div>\n",
       "<style scoped>\n",
       "    .dataframe tbody tr th:only-of-type {\n",
       "        vertical-align: middle;\n",
       "    }\n",
       "\n",
       "    .dataframe tbody tr th {\n",
       "        vertical-align: top;\n",
       "    }\n",
       "\n",
       "    .dataframe thead th {\n",
       "        text-align: right;\n",
       "    }\n",
       "</style>\n",
       "<table border=\"1\" class=\"dataframe\">\n",
       "  <thead>\n",
       "    <tr style=\"text-align: right;\">\n",
       "      <th></th>\n",
       "      <th>user_id</th>\n",
       "      <th>star_wars</th>\n",
       "      <th>lord_of_the_rings</th>\n",
       "      <th>harry_potter</th>\n",
       "    </tr>\n",
       "  </thead>\n",
       "  <tbody>\n",
       "    <tr>\n",
       "      <th>0</th>\n",
       "      <td>1</td>\n",
       "      <td>1.2</td>\n",
       "      <td>4.9</td>\n",
       "      <td>2.1</td>\n",
       "    </tr>\n",
       "    <tr>\n",
       "      <th>1</th>\n",
       "      <td>2</td>\n",
       "      <td>2.1</td>\n",
       "      <td>8.1</td>\n",
       "      <td>7.9</td>\n",
       "    </tr>\n",
       "    <tr>\n",
       "      <th>2</th>\n",
       "      <td>3</td>\n",
       "      <td>7.4</td>\n",
       "      <td>3.0</td>\n",
       "      <td>9.9</td>\n",
       "    </tr>\n",
       "    <tr>\n",
       "      <th>3</th>\n",
       "      <td>4</td>\n",
       "      <td>5.6</td>\n",
       "      <td>0.5</td>\n",
       "      <td>1.8</td>\n",
       "    </tr>\n",
       "    <tr>\n",
       "      <th>4</th>\n",
       "      <td>5</td>\n",
       "      <td>1.5</td>\n",
       "      <td>8.3</td>\n",
       "      <td>2.6</td>\n",
       "    </tr>\n",
       "  </tbody>\n",
       "</table>\n",
       "</div>"
      ],
      "text/plain": [
       "   user_id  star_wars  lord_of_the_rings  harry_potter\n",
       "0        1        1.2                4.9           2.1\n",
       "1        2        2.1                8.1           7.9\n",
       "2        3        7.4                3.0           9.9\n",
       "3        4        5.6                0.5           1.8\n",
       "4        5        1.5                8.3           2.6"
      ]
     },
     "execution_count": 339,
     "metadata": {},
     "output_type": "execute_result"
    }
   ],
   "source": [
    "data.head()"
   ]
  },
  {
   "cell_type": "code",
   "execution_count": 340,
   "metadata": {},
   "outputs": [],
   "source": [
    "movies = data.columns.values.tolist()[1:]"
   ]
  },
  {
   "cell_type": "code",
   "execution_count": 341,
   "metadata": {},
   "outputs": [
    {
     "data": {
      "text/plain": [
       "['star_wars', 'lord_of_the_rings', 'harry_potter']"
      ]
     },
     "execution_count": 341,
     "metadata": {},
     "output_type": "execute_result"
    }
   ],
   "source": [
    "movies"
   ]
  },
  {
   "cell_type": "code",
   "execution_count": 342,
   "metadata": {},
   "outputs": [],
   "source": [
    "# calcula la distancia de Manhatan\n",
    "dd1 = distance_matrix(data[movies], data[movies], p = 1)"
   ]
  },
  {
   "cell_type": "code",
   "execution_count": 343,
   "metadata": {},
   "outputs": [],
   "source": [
    "# calcula la distancia Euclídea\n",
    "dd2 = distance_matrix(data[movies], data[movies], p = 2)"
   ]
  },
  {
   "cell_type": "code",
   "execution_count": 344,
   "metadata": {},
   "outputs": [
    {
     "data": {
      "text/plain": [
       "array([[0.        , 5.80151405, 7.87518912, 4.71580324, 3.4       ,\n",
       "        4.40000323, 6.40084969, 4.40102467, 3.20008504, 0.3010246 ],\n",
       "       [5.80151405, 0.        , 5.58246346, 7.68068873, 5.3       ,\n",
       "        4.40000468, 0.6       , 3.4000102 , 6.43515864, 5.60379989],\n",
       "       [7.87518912, 5.58246346, 0.        , 8.10000659, 7.40891444,\n",
       "        4.91253202, 5.68944974, 6.57025374, 6.82060178, 7.65836384],\n",
       "       [4.71580324, 7.68068873, 8.10000659, 0.        , 7.80125508,\n",
       "        4.71710153, 7.87330678, 8.80020486, 3.00010148, 4.45075873],\n",
       "       [3.4       , 5.3       , 7.40891444, 7.80125508, 0.        ,\n",
       "        4.68146419, 5.9       , 1.90030967, 6.60000001, 3.6       ],\n",
       "       [4.40000323, 4.40000468, 4.91253202, 4.71710153, 4.68146419,\n",
       "        0.        , 4.50013531, 5.60001891, 3.40168276, 4.20000049],\n",
       "       [6.40084969, 0.6       , 5.68944974, 7.87330678, 5.9       ,\n",
       "        4.50013531, 0.        , 4.00000099, 6.59525879, 6.20203476],\n",
       "       [4.40102467, 3.4000102 , 6.57025374, 8.80020486, 1.90030967,\n",
       "        5.60001891, 4.00000099, 0.        , 7.60000003, 4.60028793],\n",
       "       [3.20008504, 6.43515864, 6.82060178, 3.00010148, 6.60000001,\n",
       "        3.40168276, 6.59525879, 7.60000003, 0.        , 3.00001372],\n",
       "       [0.3010246 , 5.60379989, 7.65836384, 4.45075873, 3.6       ,\n",
       "        4.20000049, 6.20203476, 4.60028793, 3.00001372, 0.        ]])"
      ]
     },
     "execution_count": 344,
     "metadata": {},
     "output_type": "execute_result"
    }
   ],
   "source": [
    "# calcula la distancia de Minkowski con p=10\n",
    "dd10 = distance_matrix(data[movies], data[movies], p = 10)\n",
    "dd10"
   ]
  },
  {
   "cell_type": "code",
   "execution_count": 345,
   "metadata": {},
   "outputs": [],
   "source": [
    "# convierte las matrices de distancias a dataframes\n",
    "def dn_to_df(dd, col_name):\n",
    "    return pd.DataFrame(dd, index = col_name, columns = col_name) # crea índices y columnas con mismo nombre"
   ]
  },
  {
   "cell_type": "code",
   "execution_count": 346,
   "metadata": {},
   "outputs": [
    {
     "data": {
      "text/html": [
       "<div>\n",
       "<style scoped>\n",
       "    .dataframe tbody tr th:only-of-type {\n",
       "        vertical-align: middle;\n",
       "    }\n",
       "\n",
       "    .dataframe tbody tr th {\n",
       "        vertical-align: top;\n",
       "    }\n",
       "\n",
       "    .dataframe thead th {\n",
       "        text-align: right;\n",
       "    }\n",
       "</style>\n",
       "<table border=\"1\" class=\"dataframe\">\n",
       "  <thead>\n",
       "    <tr style=\"text-align: right;\">\n",
       "      <th>user_id</th>\n",
       "      <th>1</th>\n",
       "      <th>2</th>\n",
       "      <th>3</th>\n",
       "      <th>4</th>\n",
       "      <th>5</th>\n",
       "      <th>6</th>\n",
       "      <th>7</th>\n",
       "      <th>8</th>\n",
       "      <th>9</th>\n",
       "      <th>10</th>\n",
       "    </tr>\n",
       "    <tr>\n",
       "      <th>user_id</th>\n",
       "      <th></th>\n",
       "      <th></th>\n",
       "      <th></th>\n",
       "      <th></th>\n",
       "      <th></th>\n",
       "      <th></th>\n",
       "      <th></th>\n",
       "      <th></th>\n",
       "      <th></th>\n",
       "      <th></th>\n",
       "    </tr>\n",
       "  </thead>\n",
       "  <tbody>\n",
       "    <tr>\n",
       "      <th>1</th>\n",
       "      <td>0.0</td>\n",
       "      <td>9.9</td>\n",
       "      <td>15.9</td>\n",
       "      <td>9.1</td>\n",
       "      <td>4.2</td>\n",
       "      <td>6.9</td>\n",
       "      <td>10.5</td>\n",
       "      <td>7.4</td>\n",
       "      <td>5.6</td>\n",
       "      <td>0.7</td>\n",
       "    </tr>\n",
       "    <tr>\n",
       "      <th>2</th>\n",
       "      <td>9.9</td>\n",
       "      <td>0.0</td>\n",
       "      <td>12.4</td>\n",
       "      <td>17.2</td>\n",
       "      <td>6.1</td>\n",
       "      <td>6.2</td>\n",
       "      <td>0.8</td>\n",
       "      <td>4.9</td>\n",
       "      <td>11.7</td>\n",
       "      <td>9.6</td>\n",
       "    </tr>\n",
       "    <tr>\n",
       "      <th>3</th>\n",
       "      <td>15.9</td>\n",
       "      <td>12.4</td>\n",
       "      <td>0.0</td>\n",
       "      <td>12.4</td>\n",
       "      <td>18.5</td>\n",
       "      <td>9.0</td>\n",
       "      <td>12.0</td>\n",
       "      <td>17.3</td>\n",
       "      <td>12.9</td>\n",
       "      <td>15.2</td>\n",
       "    </tr>\n",
       "    <tr>\n",
       "      <th>4</th>\n",
       "      <td>9.1</td>\n",
       "      <td>17.2</td>\n",
       "      <td>12.4</td>\n",
       "      <td>0.0</td>\n",
       "      <td>12.7</td>\n",
       "      <td>11.0</td>\n",
       "      <td>18.0</td>\n",
       "      <td>15.3</td>\n",
       "      <td>5.5</td>\n",
       "      <td>8.8</td>\n",
       "    </tr>\n",
       "    <tr>\n",
       "      <th>5</th>\n",
       "      <td>4.2</td>\n",
       "      <td>6.1</td>\n",
       "      <td>18.5</td>\n",
       "      <td>12.7</td>\n",
       "      <td>0.0</td>\n",
       "      <td>9.5</td>\n",
       "      <td>6.5</td>\n",
       "      <td>3.2</td>\n",
       "      <td>8.2</td>\n",
       "      <td>3.9</td>\n",
       "    </tr>\n",
       "    <tr>\n",
       "      <th>6</th>\n",
       "      <td>6.9</td>\n",
       "      <td>6.2</td>\n",
       "      <td>9.0</td>\n",
       "      <td>11.0</td>\n",
       "      <td>9.5</td>\n",
       "      <td>0.0</td>\n",
       "      <td>7.0</td>\n",
       "      <td>8.3</td>\n",
       "      <td>5.5</td>\n",
       "      <td>6.2</td>\n",
       "    </tr>\n",
       "    <tr>\n",
       "      <th>7</th>\n",
       "      <td>10.5</td>\n",
       "      <td>0.8</td>\n",
       "      <td>12.0</td>\n",
       "      <td>18.0</td>\n",
       "      <td>6.5</td>\n",
       "      <td>7.0</td>\n",
       "      <td>0.0</td>\n",
       "      <td>5.3</td>\n",
       "      <td>12.5</td>\n",
       "      <td>10.2</td>\n",
       "    </tr>\n",
       "    <tr>\n",
       "      <th>8</th>\n",
       "      <td>7.4</td>\n",
       "      <td>4.9</td>\n",
       "      <td>17.3</td>\n",
       "      <td>15.3</td>\n",
       "      <td>3.2</td>\n",
       "      <td>8.3</td>\n",
       "      <td>5.3</td>\n",
       "      <td>0.0</td>\n",
       "      <td>9.8</td>\n",
       "      <td>7.1</td>\n",
       "    </tr>\n",
       "    <tr>\n",
       "      <th>9</th>\n",
       "      <td>5.6</td>\n",
       "      <td>11.7</td>\n",
       "      <td>12.9</td>\n",
       "      <td>5.5</td>\n",
       "      <td>8.2</td>\n",
       "      <td>5.5</td>\n",
       "      <td>12.5</td>\n",
       "      <td>9.8</td>\n",
       "      <td>0.0</td>\n",
       "      <td>4.9</td>\n",
       "    </tr>\n",
       "    <tr>\n",
       "      <th>10</th>\n",
       "      <td>0.7</td>\n",
       "      <td>9.6</td>\n",
       "      <td>15.2</td>\n",
       "      <td>8.8</td>\n",
       "      <td>3.9</td>\n",
       "      <td>6.2</td>\n",
       "      <td>10.2</td>\n",
       "      <td>7.1</td>\n",
       "      <td>4.9</td>\n",
       "      <td>0.0</td>\n",
       "    </tr>\n",
       "  </tbody>\n",
       "</table>\n",
       "</div>"
      ],
      "text/plain": [
       "user_id    1     2     3     4     5     6     7     8     9     10\n",
       "user_id                                                            \n",
       "1         0.0   9.9  15.9   9.1   4.2   6.9  10.5   7.4   5.6   0.7\n",
       "2         9.9   0.0  12.4  17.2   6.1   6.2   0.8   4.9  11.7   9.6\n",
       "3        15.9  12.4   0.0  12.4  18.5   9.0  12.0  17.3  12.9  15.2\n",
       "4         9.1  17.2  12.4   0.0  12.7  11.0  18.0  15.3   5.5   8.8\n",
       "5         4.2   6.1  18.5  12.7   0.0   9.5   6.5   3.2   8.2   3.9\n",
       "6         6.9   6.2   9.0  11.0   9.5   0.0   7.0   8.3   5.5   6.2\n",
       "7        10.5   0.8  12.0  18.0   6.5   7.0   0.0   5.3  12.5  10.2\n",
       "8         7.4   4.9  17.3  15.3   3.2   8.3   5.3   0.0   9.8   7.1\n",
       "9         5.6  11.7  12.9   5.5   8.2   5.5  12.5   9.8   0.0   4.9\n",
       "10        0.7   9.6  15.2   8.8   3.9   6.2  10.2   7.1   4.9   0.0"
      ]
     },
     "execution_count": 346,
     "metadata": {},
     "output_type": "execute_result"
    }
   ],
   "source": [
    "dn_to_df(dd1, data['user_id'] )"
   ]
  },
  {
   "cell_type": "code",
   "execution_count": 347,
   "metadata": {},
   "outputs": [
    {
     "data": {
      "text/html": [
       "<div>\n",
       "<style scoped>\n",
       "    .dataframe tbody tr th:only-of-type {\n",
       "        vertical-align: middle;\n",
       "    }\n",
       "\n",
       "    .dataframe tbody tr th {\n",
       "        vertical-align: top;\n",
       "    }\n",
       "\n",
       "    .dataframe thead th {\n",
       "        text-align: right;\n",
       "    }\n",
       "</style>\n",
       "<table border=\"1\" class=\"dataframe\">\n",
       "  <thead>\n",
       "    <tr style=\"text-align: right;\">\n",
       "      <th>user_id</th>\n",
       "      <th>1</th>\n",
       "      <th>2</th>\n",
       "      <th>3</th>\n",
       "      <th>4</th>\n",
       "      <th>5</th>\n",
       "      <th>6</th>\n",
       "      <th>7</th>\n",
       "      <th>8</th>\n",
       "      <th>9</th>\n",
       "      <th>10</th>\n",
       "    </tr>\n",
       "    <tr>\n",
       "      <th>user_id</th>\n",
       "      <th></th>\n",
       "      <th></th>\n",
       "      <th></th>\n",
       "      <th></th>\n",
       "      <th></th>\n",
       "      <th></th>\n",
       "      <th></th>\n",
       "      <th></th>\n",
       "      <th></th>\n",
       "      <th></th>\n",
       "    </tr>\n",
       "  </thead>\n",
       "  <tbody>\n",
       "    <tr>\n",
       "      <th>1</th>\n",
       "      <td>0.000000</td>\n",
       "      <td>6.685058</td>\n",
       "      <td>10.143471</td>\n",
       "      <td>6.229767</td>\n",
       "      <td>3.449638</td>\n",
       "      <td>4.742362</td>\n",
       "      <td>7.244998</td>\n",
       "      <td>5.047772</td>\n",
       "      <td>3.633180</td>\n",
       "      <td>0.412311</td>\n",
       "    </tr>\n",
       "    <tr>\n",
       "      <th>2</th>\n",
       "      <td>6.685058</td>\n",
       "      <td>0.000000</td>\n",
       "      <td>7.622336</td>\n",
       "      <td>10.354709</td>\n",
       "      <td>5.337602</td>\n",
       "      <td>4.634652</td>\n",
       "      <td>0.616441</td>\n",
       "      <td>3.618011</td>\n",
       "      <td>8.015610</td>\n",
       "      <td>6.578754</td>\n",
       "    </tr>\n",
       "    <tr>\n",
       "      <th>3</th>\n",
       "      <td>10.143471</td>\n",
       "      <td>7.622336</td>\n",
       "      <td>0.000000</td>\n",
       "      <td>8.666026</td>\n",
       "      <td>10.779147</td>\n",
       "      <td>6.004998</td>\n",
       "      <td>7.626270</td>\n",
       "      <td>10.010494</td>\n",
       "      <td>8.424369</td>\n",
       "      <td>9.770363</td>\n",
       "    </tr>\n",
       "    <tr>\n",
       "      <th>4</th>\n",
       "      <td>6.229767</td>\n",
       "      <td>10.354709</td>\n",
       "      <td>8.666026</td>\n",
       "      <td>0.000000</td>\n",
       "      <td>8.848164</td>\n",
       "      <td>6.476110</td>\n",
       "      <td>10.823123</td>\n",
       "      <td>9.958414</td>\n",
       "      <td>3.482815</td>\n",
       "      <td>5.890671</td>\n",
       "    </tr>\n",
       "    <tr>\n",
       "      <th>5</th>\n",
       "      <td>3.449638</td>\n",
       "      <td>5.337602</td>\n",
       "      <td>10.779147</td>\n",
       "      <td>8.848164</td>\n",
       "      <td>0.000000</td>\n",
       "      <td>6.113101</td>\n",
       "      <td>5.921993</td>\n",
       "      <td>2.167948</td>\n",
       "      <td>6.709694</td>\n",
       "      <td>3.612478</td>\n",
       "    </tr>\n",
       "    <tr>\n",
       "      <th>6</th>\n",
       "      <td>4.742362</td>\n",
       "      <td>4.634652</td>\n",
       "      <td>6.004998</td>\n",
       "      <td>6.476110</td>\n",
       "      <td>6.113101</td>\n",
       "      <td>0.000000</td>\n",
       "      <td>4.949747</td>\n",
       "      <td>5.987487</td>\n",
       "      <td>3.945884</td>\n",
       "      <td>4.431704</td>\n",
       "    </tr>\n",
       "    <tr>\n",
       "      <th>7</th>\n",
       "      <td>7.244998</td>\n",
       "      <td>0.616441</td>\n",
       "      <td>7.626270</td>\n",
       "      <td>10.823123</td>\n",
       "      <td>5.921993</td>\n",
       "      <td>4.949747</td>\n",
       "      <td>0.000000</td>\n",
       "      <td>4.153312</td>\n",
       "      <td>8.471718</td>\n",
       "      <td>7.137226</td>\n",
       "    </tr>\n",
       "    <tr>\n",
       "      <th>8</th>\n",
       "      <td>5.047772</td>\n",
       "      <td>3.618011</td>\n",
       "      <td>10.010494</td>\n",
       "      <td>9.958414</td>\n",
       "      <td>2.167948</td>\n",
       "      <td>5.987487</td>\n",
       "      <td>4.153312</td>\n",
       "      <td>0.000000</td>\n",
       "      <td>7.769170</td>\n",
       "      <td>5.107837</td>\n",
       "    </tr>\n",
       "    <tr>\n",
       "      <th>9</th>\n",
       "      <td>3.633180</td>\n",
       "      <td>8.015610</td>\n",
       "      <td>8.424369</td>\n",
       "      <td>3.482815</td>\n",
       "      <td>6.709694</td>\n",
       "      <td>3.945884</td>\n",
       "      <td>8.471718</td>\n",
       "      <td>7.769170</td>\n",
       "      <td>0.000000</td>\n",
       "      <td>3.293934</td>\n",
       "    </tr>\n",
       "    <tr>\n",
       "      <th>10</th>\n",
       "      <td>0.412311</td>\n",
       "      <td>6.578754</td>\n",
       "      <td>9.770363</td>\n",
       "      <td>5.890671</td>\n",
       "      <td>3.612478</td>\n",
       "      <td>4.431704</td>\n",
       "      <td>7.137226</td>\n",
       "      <td>5.107837</td>\n",
       "      <td>3.293934</td>\n",
       "      <td>0.000000</td>\n",
       "    </tr>\n",
       "  </tbody>\n",
       "</table>\n",
       "</div>"
      ],
      "text/plain": [
       "user_id         1          2          3          4          5         6   \\\n",
       "user_id                                                                    \n",
       "1         0.000000   6.685058  10.143471   6.229767   3.449638  4.742362   \n",
       "2         6.685058   0.000000   7.622336  10.354709   5.337602  4.634652   \n",
       "3        10.143471   7.622336   0.000000   8.666026  10.779147  6.004998   \n",
       "4         6.229767  10.354709   8.666026   0.000000   8.848164  6.476110   \n",
       "5         3.449638   5.337602  10.779147   8.848164   0.000000  6.113101   \n",
       "6         4.742362   4.634652   6.004998   6.476110   6.113101  0.000000   \n",
       "7         7.244998   0.616441   7.626270  10.823123   5.921993  4.949747   \n",
       "8         5.047772   3.618011  10.010494   9.958414   2.167948  5.987487   \n",
       "9         3.633180   8.015610   8.424369   3.482815   6.709694  3.945884   \n",
       "10        0.412311   6.578754   9.770363   5.890671   3.612478  4.431704   \n",
       "\n",
       "user_id         7          8         9         10  \n",
       "user_id                                            \n",
       "1         7.244998   5.047772  3.633180  0.412311  \n",
       "2         0.616441   3.618011  8.015610  6.578754  \n",
       "3         7.626270  10.010494  8.424369  9.770363  \n",
       "4        10.823123   9.958414  3.482815  5.890671  \n",
       "5         5.921993   2.167948  6.709694  3.612478  \n",
       "6         4.949747   5.987487  3.945884  4.431704  \n",
       "7         0.000000   4.153312  8.471718  7.137226  \n",
       "8         4.153312   0.000000  7.769170  5.107837  \n",
       "9         8.471718   7.769170  0.000000  3.293934  \n",
       "10        7.137226   5.107837  3.293934  0.000000  "
      ]
     },
     "execution_count": 347,
     "metadata": {},
     "output_type": "execute_result"
    }
   ],
   "source": [
    "dn_to_df(dd2, data['user_id'] )"
   ]
  },
  {
   "cell_type": "code",
   "execution_count": 348,
   "metadata": {},
   "outputs": [
    {
     "data": {
      "text/html": [
       "<div>\n",
       "<style scoped>\n",
       "    .dataframe tbody tr th:only-of-type {\n",
       "        vertical-align: middle;\n",
       "    }\n",
       "\n",
       "    .dataframe tbody tr th {\n",
       "        vertical-align: top;\n",
       "    }\n",
       "\n",
       "    .dataframe thead th {\n",
       "        text-align: right;\n",
       "    }\n",
       "</style>\n",
       "<table border=\"1\" class=\"dataframe\">\n",
       "  <thead>\n",
       "    <tr style=\"text-align: right;\">\n",
       "      <th>user_id</th>\n",
       "      <th>1</th>\n",
       "      <th>2</th>\n",
       "      <th>3</th>\n",
       "      <th>4</th>\n",
       "      <th>5</th>\n",
       "      <th>6</th>\n",
       "      <th>7</th>\n",
       "      <th>8</th>\n",
       "      <th>9</th>\n",
       "      <th>10</th>\n",
       "    </tr>\n",
       "    <tr>\n",
       "      <th>user_id</th>\n",
       "      <th></th>\n",
       "      <th></th>\n",
       "      <th></th>\n",
       "      <th></th>\n",
       "      <th></th>\n",
       "      <th></th>\n",
       "      <th></th>\n",
       "      <th></th>\n",
       "      <th></th>\n",
       "      <th></th>\n",
       "    </tr>\n",
       "  </thead>\n",
       "  <tbody>\n",
       "    <tr>\n",
       "      <th>1</th>\n",
       "      <td>0.000000</td>\n",
       "      <td>5.801514</td>\n",
       "      <td>7.875189</td>\n",
       "      <td>4.715803</td>\n",
       "      <td>3.400000</td>\n",
       "      <td>4.400003</td>\n",
       "      <td>6.400850</td>\n",
       "      <td>4.401025</td>\n",
       "      <td>3.200085</td>\n",
       "      <td>0.301025</td>\n",
       "    </tr>\n",
       "    <tr>\n",
       "      <th>2</th>\n",
       "      <td>5.801514</td>\n",
       "      <td>0.000000</td>\n",
       "      <td>5.582463</td>\n",
       "      <td>7.680689</td>\n",
       "      <td>5.300000</td>\n",
       "      <td>4.400005</td>\n",
       "      <td>0.600000</td>\n",
       "      <td>3.400010</td>\n",
       "      <td>6.435159</td>\n",
       "      <td>5.603800</td>\n",
       "    </tr>\n",
       "    <tr>\n",
       "      <th>3</th>\n",
       "      <td>7.875189</td>\n",
       "      <td>5.582463</td>\n",
       "      <td>0.000000</td>\n",
       "      <td>8.100007</td>\n",
       "      <td>7.408914</td>\n",
       "      <td>4.912532</td>\n",
       "      <td>5.689450</td>\n",
       "      <td>6.570254</td>\n",
       "      <td>6.820602</td>\n",
       "      <td>7.658364</td>\n",
       "    </tr>\n",
       "    <tr>\n",
       "      <th>4</th>\n",
       "      <td>4.715803</td>\n",
       "      <td>7.680689</td>\n",
       "      <td>8.100007</td>\n",
       "      <td>0.000000</td>\n",
       "      <td>7.801255</td>\n",
       "      <td>4.717102</td>\n",
       "      <td>7.873307</td>\n",
       "      <td>8.800205</td>\n",
       "      <td>3.000101</td>\n",
       "      <td>4.450759</td>\n",
       "    </tr>\n",
       "    <tr>\n",
       "      <th>5</th>\n",
       "      <td>3.400000</td>\n",
       "      <td>5.300000</td>\n",
       "      <td>7.408914</td>\n",
       "      <td>7.801255</td>\n",
       "      <td>0.000000</td>\n",
       "      <td>4.681464</td>\n",
       "      <td>5.900000</td>\n",
       "      <td>1.900310</td>\n",
       "      <td>6.600000</td>\n",
       "      <td>3.600000</td>\n",
       "    </tr>\n",
       "    <tr>\n",
       "      <th>6</th>\n",
       "      <td>4.400003</td>\n",
       "      <td>4.400005</td>\n",
       "      <td>4.912532</td>\n",
       "      <td>4.717102</td>\n",
       "      <td>4.681464</td>\n",
       "      <td>0.000000</td>\n",
       "      <td>4.500135</td>\n",
       "      <td>5.600019</td>\n",
       "      <td>3.401683</td>\n",
       "      <td>4.200000</td>\n",
       "    </tr>\n",
       "    <tr>\n",
       "      <th>7</th>\n",
       "      <td>6.400850</td>\n",
       "      <td>0.600000</td>\n",
       "      <td>5.689450</td>\n",
       "      <td>7.873307</td>\n",
       "      <td>5.900000</td>\n",
       "      <td>4.500135</td>\n",
       "      <td>0.000000</td>\n",
       "      <td>4.000001</td>\n",
       "      <td>6.595259</td>\n",
       "      <td>6.202035</td>\n",
       "    </tr>\n",
       "    <tr>\n",
       "      <th>8</th>\n",
       "      <td>4.401025</td>\n",
       "      <td>3.400010</td>\n",
       "      <td>6.570254</td>\n",
       "      <td>8.800205</td>\n",
       "      <td>1.900310</td>\n",
       "      <td>5.600019</td>\n",
       "      <td>4.000001</td>\n",
       "      <td>0.000000</td>\n",
       "      <td>7.600000</td>\n",
       "      <td>4.600288</td>\n",
       "    </tr>\n",
       "    <tr>\n",
       "      <th>9</th>\n",
       "      <td>3.200085</td>\n",
       "      <td>6.435159</td>\n",
       "      <td>6.820602</td>\n",
       "      <td>3.000101</td>\n",
       "      <td>6.600000</td>\n",
       "      <td>3.401683</td>\n",
       "      <td>6.595259</td>\n",
       "      <td>7.600000</td>\n",
       "      <td>0.000000</td>\n",
       "      <td>3.000014</td>\n",
       "    </tr>\n",
       "    <tr>\n",
       "      <th>10</th>\n",
       "      <td>0.301025</td>\n",
       "      <td>5.603800</td>\n",
       "      <td>7.658364</td>\n",
       "      <td>4.450759</td>\n",
       "      <td>3.600000</td>\n",
       "      <td>4.200000</td>\n",
       "      <td>6.202035</td>\n",
       "      <td>4.600288</td>\n",
       "      <td>3.000014</td>\n",
       "      <td>0.000000</td>\n",
       "    </tr>\n",
       "  </tbody>\n",
       "</table>\n",
       "</div>"
      ],
      "text/plain": [
       "user_id        1         2         3         4         5         6         7   \\\n",
       "user_id                                                                         \n",
       "1        0.000000  5.801514  7.875189  4.715803  3.400000  4.400003  6.400850   \n",
       "2        5.801514  0.000000  5.582463  7.680689  5.300000  4.400005  0.600000   \n",
       "3        7.875189  5.582463  0.000000  8.100007  7.408914  4.912532  5.689450   \n",
       "4        4.715803  7.680689  8.100007  0.000000  7.801255  4.717102  7.873307   \n",
       "5        3.400000  5.300000  7.408914  7.801255  0.000000  4.681464  5.900000   \n",
       "6        4.400003  4.400005  4.912532  4.717102  4.681464  0.000000  4.500135   \n",
       "7        6.400850  0.600000  5.689450  7.873307  5.900000  4.500135  0.000000   \n",
       "8        4.401025  3.400010  6.570254  8.800205  1.900310  5.600019  4.000001   \n",
       "9        3.200085  6.435159  6.820602  3.000101  6.600000  3.401683  6.595259   \n",
       "10       0.301025  5.603800  7.658364  4.450759  3.600000  4.200000  6.202035   \n",
       "\n",
       "user_id        8         9         10  \n",
       "user_id                                \n",
       "1        4.401025  3.200085  0.301025  \n",
       "2        3.400010  6.435159  5.603800  \n",
       "3        6.570254  6.820602  7.658364  \n",
       "4        8.800205  3.000101  4.450759  \n",
       "5        1.900310  6.600000  3.600000  \n",
       "6        5.600019  3.401683  4.200000  \n",
       "7        4.000001  6.595259  6.202035  \n",
       "8        0.000000  7.600000  4.600288  \n",
       "9        7.600000  0.000000  3.000014  \n",
       "10       4.600288  3.000014  0.000000  "
      ]
     },
     "execution_count": 348,
     "metadata": {},
     "output_type": "execute_result"
    }
   ],
   "source": [
    "dn_to_df(dd10, data['user_id'] )"
   ]
  },
  {
   "cell_type": "code",
   "execution_count": 349,
   "metadata": {},
   "outputs": [],
   "source": [
    "import matplotlib.pyplot as plt\n",
    "from mpl_toolkits.mplot3d import Axes3D"
   ]
  },
  {
   "cell_type": "code",
   "execution_count": 350,
   "metadata": {},
   "outputs": [
    {
     "data": {
      "text/plain": [
       "<mpl_toolkits.mplot3d.art3d.Path3DCollection at 0x7fd3725992e8>"
      ]
     },
     "execution_count": 350,
     "metadata": {},
     "output_type": "execute_result"
    },
    {
     "data": {
